1	2	3	4	5	6	7	8	9	10	11	12	13	14	15	16	17
N-7.tsv	2.14027976867184	50.1705303741782	1.1319262517918	1.19618407394592	2.99540309426128	1.8091048391083	0	26.7856260194751	1.606445553853	4.40907518165192	0.0593149127576492	0	0	1.01329642627651	0.563491671197667	4.53759082596016	1.58173100687064
N-15.tsv	1.83442055952016	59.9404579484261	1.01133925835121	0.288954073814632	2.28098594632459	1.18208484742349	0	20.4062869401515	2.355413510792	3.85272098419509	0.411540650584475	0	0.00875618405498883	1.00696116632372	0.363381638282037	3.30983757278578	1.74685871897027
N-16.tsv	0.321117284265253	57.4545083847291	0.841021458789948	0.0356796982516948	4.1031652989449	0.366991182017432	0	20.4393699984709	5.59661552576584	7.12064835108823	0.36189408226719	0	0.00509709975024211	0.00509709975024211	0.1936897905092	1.46286762831949	1.69223711708038
N-24.tsv	2.60207190737355	39.8598415600244	3.54661791590494	1.8951858622791	6.36197440585009	2.205971968312	0.0060938452163315	19.9878123095673	8.55575868372943	4.49116392443632	0.341255332114564	0.146252285191956	0.012187690432663	0.103595368677636	2.88848263254113	4.92382693479586	2.07190737355271
N-46.tsv	2.16845044206608	46.5704979060028	0.595625872498837	0.893438808748255	2.51279664960447	2.65239646347138	0	12.6105165193113	1.8054909260121	7.30572359236854	0.120986505351326	1.1540251279665	0.00930665425779432	0.0186133085155886	0.428106095858539	6.92415076779898	14.2298743601675
N-6.tsv	2.58143495848414	44.9542261017671	1.07515435384288	0.0532254630615286	4.11432829465616	2.85820736640409	0.00532254630615286	18.1498829039813	2.02789014264424	8.55333191398765	0.079838194592293	0	0	0.0425803704492229	0.14903129657228	8.10091547796466	7.25463061528635
N-23.tsv	7.15283436154115	45.3730648352927	0.710045396345012	0.89628681177977	4.28937259923175	1.11744849260854	0	12.7808171342102	2.11267605633803	4.35339308578745	7.0480735653591	0.157141194273076	0.0174601326970085	0.401583052031195	2.93912233732976	3.94016994529158	6.7105109998836
N-41.tsv	8.49448268327324	51.5787173604283	0.333224079536764	0.289522560908992	2.64394187698022	0.589970501474926	0	13.0285152409046	7.44564623620671	8.2923631596198	0.0327761389708292	0.00546268982847154	0.0109253796569431	0.07101496777013	0.147492625368732	3.69277832404676	3.34316617502458
N-34.tsv	0.793445003370845	94.6688793237567	0	0	0.051859150547114	0.897163304465073	0	0.0207436602188456	0.357828138775087	1.50391536586631	0.124461961313074	0	0.0155577451641342	0.051859150547114	0	1.42094072499092	0.0933464709848053
N-1.tsv	1.19981541301338	64.1362867251192	0.369173973234887	0.115366866635902	2.41501307491155	3.59175511459775	0.0384556222119674	14.7054299338563	2.57652668820181	5.70681433625596	0.015382248884787	0.0307644977695739	0.0692201199815413	0.130749115520689	0.0692201199815413	3.27641901245962	1.55360713736348
N-9.tsv	1.38217777278346	63.0183166647938	0.797842454208338	0.303404876952467	0.741656365883807	3.1014720755141	0.0224744353298123	12.3047533430723	1.57882908191932	11.6754691538375	0.067423305989437	0	0	0.185414091470952	0.123609394313968	3.28688616698505	1.41027081694572
N-22.tsv	6.01295097132285	64.9306197964847	0.703052728954672	0.00925069380203515	0.360777058279371	3.35800185013876	0	8.22386679000925	0.989824236817761	6.77150786308973	0.0555041628122109	0.0370027752081406	0	0.101757631822387	0.129509713228492	1.85013876040703	6.46623496762257
N-33.tsv	6.96567083941326	60.7633822287075	0.276476461101298	0.161277935642424	1.03678672912987	3.50203517394977	0.0153598033945166	7.33430612088165	2.1350126718378	5.87512479840258	0.0153598033945166	0.0153598033945166	0.0230397050917748	7.50326395822133	0.207357345825973	1.56669994624069	2.60348667537056
N-26.tsv	0.293948495111509	75.0974503163141	0.709310499073423	0.121413508850406	1.18857434979871	0.722090868426097	0.0127803693526743	0.734871237778772	1.118282318359	15.9882420601955	0.0511214774106972	0	0.0383411080580229	0.0255607387053486	0.115023324174069	2.97782605917311	0.80516326921848
N-35.tsv	5.2049363770062	72.5046358462817	0.198222392736108	0.00639427073342285	1.89909840782659	1.35558539548564	0.0127885414668457	2.13568642496323	2.24438902743142	5.23051345993989	0.0383656244005371	0.127885414668457	0.0127885414668457	0.0639427073342285	0	3.97084212545559	4.99392544280325
mADT-34.tsv	1.17811501597444	0.119808306709265	2.42611821086262	2.52595846645367	1.22803514376997	82.4580670926518	0	3.10503194888179	0.309504792332268	0.609025559105431	0	0	4.24321086261981	0.069888178913738	1.15814696485623	0.549121405750799	0.0199680511182109
mADT-43.tsv	0.610163027934026	2.45971970635904	0.600629230622557	0.419487081704643	0.11440556773763	87.6918676708933	0	5.7202783868815	0.438554676327581	0.190675946229383	0	0.00953379731146916	0.0858041758032224	0.0953379731146916	0.190675946229383	1.1440556773763	0.22881113547526
mADT-7.tsv	0.332667997338656	0.142571998859424	0.940975192472198	0.0665335994677312	0.123562399011501	90.086493679308	0	5.64585115483319	0.0570287995437696	0	0	0.104552799163578	0.190095998479232	0	0.522763995817888	1.67284478661724	0.114057599087539
N-49.tsv	0.547291608195341	2.02076901487511	1.5085602020769	0.378894190289082	0.428010103845074	55.367667695762	0	24.080830760595	0.820937412293012	6.29385349424642	0.912152680325568	0.666573112545608	0.0701655907942745	0.0140331181588549	2.35756385068762	3.16446814482178	1.36822902048835
mADT-33.tsv	20.1264718709115	0.784997819450502	3.56519843000436	13.4212821631051	0.632359354557348	41.1578717836895	0	3.90318360226777	0.784997819450502	6.07283035324902	0.0436109899694723	0	0.0109027474923681	2.91103358046228	3.75054513737462	2.07152202354993	0.763192324465765
mADT-8.tsv	8.89144100580271	0.241779497098646	5.53070599613153	4.04376208897485	0.386847195357834	37.8445357833656	0	4.45478723404255	1.5715667311412	2.44801740812379	0.0302224371373308	0.0181334622823985	7.57374274661509	7.64023210831721	0.574226305609284	18.4235976789168	0.326402321083172
N-12.tsv	79.3810143042913	1.23797139141743	0.265279583875163	0.0520156046814044	0.249674902470741	0.691807542262679	0	3.99479843953186	2.01300390117035	1.94538361508453	0.23407022106632	1.851755526658	0	1.3888166449935	0.0884265279583875	4.50455136540962	2.10143042912874
N-25.tsv	72.8025883621746	3.75998823471739	0.465709103387421	0.0735330163243296	1.77459679396049	0.970635815481151	0.0196088043531546	8.61806951321143	1.5098779351929	4.16196872395706	0.00980440217657728	0.0196088043531546	0.00980440217657728	0.553948722976617	0.0490220108828864	4.16196872395706	1.03926663071719
mADT-15.tsv	71.8814303987542	0.0500528335465213	1.59056782158946	0.100105667093043	0.389299816472944	3.03653856848896	0.00556142594961348	3.48701407040765	1.31249652410878	6.24548134141594	0.0667371113953618	0	0.0389299816472944	0.0500528335465213	3.18669706912852	7.59690784717201	0.962126689283132
N-53.tsv	39.1488005100821	26.7314895991074	0.374591535825297	0.773093169681996	2.08017852873197	0.669482744879254	0	17.0797800270981	2.33521957440025	4.40742807045509	0.015940065354268	0.231130947636885	0	0.390531601179565	0.183310751574081	3.95313620785845	1.62588666613533
N-5.tsv	53.8601271571299	17.6909879907155	0.418811181753961	0.156423453426178	4.14269855686749	2.65415279039257	0	8.94136643455445	2.31607629427793	4.37481077808053	0	0.0252295892622868	0	0.0958724391966899	0.176607124836008	3.65324452517913	1.49359168432738
N-54.tsv	51.4765646166351	23.0669195340016	0.428068274180439	0.243836358710377	4.01517204009753	1.15957735031157	0	5.04470333243024	1.52262259550257	5.69493362232457	0.00541858574911948	0.0541858574911948	0.010837171498239	0.942833920346789	0.0866973719859117	3.68463830940125	2.56299105933351
N-39.tsv	35.8840922531047	3.85570668243643	1.05854523950325	0.940272028385571	4.28740390301597	2.58426966292135	0	21.4843287995269	6.38675340035482	7.14961561206387	0.177409816676523	0.5204021289178	0	0.88113542282673	2.4896510940272	8.97102306327617	3.32939089296274
N-44.tsv	39.6816263904872	2.85129778800665	0.722414013553254	1.52154455951924	3.56092571282445	4.06597621787495	0	16.3470144482803	6.74466180795295	4.24498146017133	0.0895026211481908	0.805523590333717	0.0127860887354558	7.74836977368623	0.255721774709116	8.07441503644035	3.27323871627669
N-43.tsv	35.3448771788529	5.52838980613243	1.10452741183915	0.287637346833113	0.511994477362941	1.0815164240925	0.00575274693666226	13.8526146234827	13.5764827705229	5.95409307944544	0.0172582408099868	0.379681297819709	0.0345164816199735	1.3864120117356	0.0287637346833113	13.2888454236898	7.61663694414083
N-51.tsv	45.3863157353622	1.61414691821313	0.8584794119159	0.704261553487894	1.50619441731352	2.50861049709556	0.0257029764046677	15.4988947720146	8.5231069757878	4.92983087441526	0	0.313576312136945	0.0411247622474683	0.385544646070015	0.226186192361075	13.8539042821159	3.62411967305814
N-3.tsv	36.6816807552292	1.18467328931943	1.41913987783057	3.22700067871907	11.2297155550071	4.34380206083791	0	19.0905164435121	1.46233109150367	11.2667365952983	0.0370210402912322	0.117233294255569	0.0246806935274881	1.51169247855865	2.14722033689147	3.80082680323317	2.45572900598507
N-37.tsv	37.947844195182	6.36565857352454	0.37389370060107	1.12168110180321	1.48137630744474	1.58076577216148	0	28.5011122154385	0.648397936485399	7.7571110795589	3.33664631549056	2.93435562497042	0.0331298215722467	0.57267263003455	1.03175730039283	2.27175919352549	4.04183823181409
N-4.tsv	32.6426858513189	11.8657074340528	1.35251798561151	0.666666666666667	6.22062350119904	2.4220623501199	0.00959232613908873	27.3429256594724	1.621103117506	6.54196642685851	0.0671462829736211	0.0191846522781775	0.00479616306954436	0.589928057553957	1.42446043165468	3.51079136690647	3.69784172661871
N-31.tsv	40.0654911838791	3.79345088161209	0.483627204030227	0.972292191435768	1.63727959697733	0.710327455919396	0.00503778337531486	15.7581863979849	3.75818639798489	10.6196473551637	0.498740554156171	2.04030226700252	0	3.29974811083123	0.272040302267003	2.90176322418136	13.183879093199
N-27.tsv	36.8736189322118	14.2347993442156	0.741321548221541	3.97034713807114	2.06714662484853	3.54978972129161	0.0213842754294675	13.1085608382636	2.33801411362178	6.91424905552784	5.43873405089457	0.17107420343574	0.0641528262884026	1.15475087319125	1.60382065721006	3.26466604889871	4.48356974837836
N-52.tsv	38.9512872286724	9.36395759717314	0.309187279151943	0.252397778899546	2.43563856638062	4.98485613326603	0.0126198889449773	12.8154972236244	2.21479050984351	4.58732963149924	0.176678445229682	5.17415446744069	0.113579000504796	0.0189298334174659	0.37228672387683	11.6292276627966	6.58758202927814
mADT-19.tsv	36.2751792420621	0.102424035506999	0.512120177534995	13.8101741208604	0.495049504950495	9.30351655855241	0	0.512120177534995	1.31444178900649	5.12120177534995	0.0682826903379993	2.13383407306248	0.477978832365995	1.07545237282349	11.0617958347559	13.3321952884944	4.40423352680096
mADT-29.tsv	36.9363314187951	0.0305511426127337	2.84125626298424	14.0229744592448	3.50116094341928	2.87180740559697	0.0122204570450935	9.31809849688378	3.15898814615667	7.58279359648051	0.00611022852254674	0.00611022852254674	0	0.238298912379323	12.5381889282659	6.55627520469266	0.378834168397898
N-38.tsv	51.0721757322176	3.00732217573222	0.565507322175732	0.408603556485356	1.48404811715481	0.738755230125523	0.00326882845188285	20.2536610878661	7.65886506276151	3.6578190376569	0.0882583682008368	1.14082112970711	0.0523012552301255	0.87277719665272	0.176516736401674	4.25601464435146	4.56328451882845
N-21.tsv	50.6091885946358	1.15068956764532	0.253828581098232	0.541500973009561	4.80582113545985	1.77256959133598	0	15.4877739233438	5.40654877739233	6.72645739910314	0.0592266689229207	0.283441915559692	0.00423047635163719	3.57052204078179	0.702259074371774	5.11887638548101	3.50706489550723
N-28.tsv	47.2871235721703	3.03738317757009	1.12928348909657	1.46028037383178	4.17964693665628	1.16822429906542	0.0129802699896158	15.9981827622015	2.74532710280374	9.51453790238837	0.058411214953271	3.66692627206646	0.0324506749740395	0.305036344755971	1.23961578400831	6.07476635514019	2.08982346832814
N-32.tsv	53.0358705161855	3.51706036745407	1.49606299212598	1.38232720909886	2.0909886264217	2.082239720035	0.00874890638670166	12.6421697287839	3.03587051618548	8.39020122484689	0.68241469816273	2.38845144356955	0.0349956255468066	0.122484689413823	0.78740157480315	6.88538932633421	1.41732283464567
N-17.tsv	61.0126229812512	4.87748282903286	0.645071468349731	0.0974568405420457	1.55930944867273	3.71264154445888	8.26990904028216	5.58288472248004	4.76146278076852	2.09300167068869	0.0324856135140152	0.0928160386114721	0.0371264154445888	0.329496937070726	0.0510488212363096	2.63133469463523	4.21384815296083
N-11.tsv	60.191624169371	3.12161953330243	0.687683511049297	1.6767114819966	2.65028589089785	2.85118219749652	0	10.8020398701901	2.17895224849328	3.21434090557874	0.0849945912532839	0.355431927059187	0	5.94962138772987	1.81579354041106	2.19440581053933	2.22531293463143
mADT-49.tsv	52.5376638622579	0.434357268636275	1.64351398943455	2.0817843866171	3.72921150459793	6.24926628839757	0.00391312854627275	7.74408139307376	5.53316376442966	5.67012326354921	0.00782625709254549	0.0234787712776365	0	6.46840148698885	2.01526120133046	4.21443944433575	1.64351398943455
mADT-48.tsv	0.370480142264375	0.0370480142264375	3.46028452874926	2.28956727919384	1.92649673977475	5.69057498518079	0.00740960284528749	1.27445168938945	4.15678719620628	2.88233550681683	0.0666864256075874	0.00740960284528749	0.044457617071725	0	1.22999407231772	75.6816834617665	0.874333135743924
N-56.tsv	2.6054895534617	0.02867677181483	0.43015157722245	0.0245800901269971	0.794756247439574	0.507988529291274	0.00409668168783286	1.33142154854568	16.4563703400246	2.67513314215485	0.0450634985661614	59.2953707496927	0	0.0942236788201557	0.639082343301925	5.61245391233101	9.45514133551823
N-42.tsv	9.42090797080845	4.00909866363378	0.22746659084447	0.473888730925979	0.786655293337124	7.25049758316747	0.0189555492370391	5.94256468581177	1.80077717751872	3.81006539664487	0.0568666477111174	0.113733295422235	0.00947777461851957	0.360155435503744	0.530755378637096	4.39768742299308	60.7904464031845
N-45.tsv	29.143059490085	3.24598677998111	0.243940824677369	0.0157381177211206	2.23481271639912	2.01054453887315	0.102297765187284	4.0801070192005	11.7170286433743	6.61000944287063	0.133774000629525	5.29194208372679	0.086559647466163	0.188857412653447	0.0826251180358829	3.32467736858672	31.488039030532
mADT-40.tsv	3.34487323083189	0.336014662457998	3.05467874961816	16.5461765604317	4.22054780572243	7.32104673658487	0.00509113124936361	7.16831279910396	3.51288056206089	2.68811729966399	0.0305467874961817	0.198554118725181	0.152733937480908	32.7716118521535	8.28327054271459	9.72915181753386	0.636391406170451
N-13.tsv	8.09593124003604	2.07943439384487	0.935745477230193	5.51050114368892	1.06051154086089	1.87149095446039	0.00693144797948291	27.3168364871422	2.01011991405004	2.89041380744438	5.78775906286823	2.37748665696264	0	27.4970541346087	4.60941290635614	2.84882511956748	5.10154571289942
N-10.tsv	16.0429054447942	5.92281683572345	1.49236329719016	1.84796548909875	3.77171505188294	1.35828378220823	0.151568147370876	15.6115191792002	8.15553223737904	6.12102133613151	0.104931794333683	0.343943103649295	0	23.0849947534103	0.687886207298589	9.47883875480937	5.82371458551941
N-20.tsv	7.92765473547409	1.96566848973845	0.77435425353333	5.99447663399578	3.63892348513565	1.44582227757622	0.00541506471002328	11.2470894027184	4.03963827367737	6.77424595223913	2.33930795473006	0.135376617750582	0.00541506471002328	32.8315373368712	3.54145232035523	7.34282774679158	9.99079438999296
N-8.tsv	0.286418437354293	21.1549990008659	12.4425497901818	0.266435755678412	5.44861120362353	3.88996203290482	0.0732698328115633	24.0125224805169	9.96469726237261	4.9157396922667	0.206487710650769	0.0399653633517618	0	0.0199826816758809	0.259774861786452	11.7897821887697	5.22880170518884
mADT-14.tsv	8.45165147212674	27.9180989388731	1.86818113884322	3.35525332536243	4.10252578089972	2.82468988193095	0	11.4108503960544	3.62427140935585	7.4428336571514	0.0149454491107458	0.0597817964429831	0.0298908982214916	5.52234344642056	9.41563293976984	11.784486623823	2.17456284561351
mADT-42.tsv	1.5888054806501	14.2919612273158	3.78252313971285	7.99504409299614	3.23591574958093	5.63370016762627	0	13.3445084177538	4.96319510239778	10.115880766708	0.0291523941403688	0.0947452809561985	1.2171124553604	0.13118577363166	8.70927774943517	20.8512499088988	4.0157422928358
mADT-4.tsv	7.0832173671027	22.0660543649689	1.52147694591335	1.39623341682902	6.21115131273773	4.53659894238798	0	11.3461360051953	4.64328787457092	5.78903423323128	0.0324705445774191	0.00463864922534558	18.0721773819464	0.79784766675944	12.8490583542073	3.16355877168569	0.487058168661286
mADT-2.tsv	7.3966585614558	0.0941250294140717	5.11412659816456	10.7459408581065	0.470625147070358	6.89465840458075	0	11.0361596987999	2.30606322064476	3.8983449682328	0.0156875049023453	1.090281590713	15.4051298141031	3.47478233586948	23.9077574711742	7.52215860067456	0.627500196093811
mADT-3.tsv	3.33333333333333	6.70309653916211	3.4608378870674	12.5136612021858	3.80085003035823	13.4972677595628	0	12.5804493017608	1.36612021857923	10.8439587128112	0.0789313904068003	0.00607164541590771	14.7783849423194	0.892531876138434	10.5525197328476	5.30661809350334	0.285367334547662
mADT-1.tsv	8.79063378899863	2.90404866243705	2.49198770357774	13.0485970305448	0.882987768984237	7.79645496762378	0	10.5696906272483	2.0733860945778	3.79357708156191	0.137353652953104	0.00654065014062398	27.0325070311989	10.9621296356858	6.0828046307803	2.95637386356204	0.470926810124926
mADT-35.tsv	8.32945556072592	1.49837133550489	3.42484876686831	6.41228478362029	2.98743601675198	23.2666356444858	0	3.6016751977664	2.95951605397859	5.63052582596557	0.0372266170311773	0.0372266170311773	24.0577012563983	0.595625872498837	11.8845974872034	5.00697999069335	0.269892973476035
mADT-44.tsv	1.96300305028043	0.0590376857227197	2.61733740037391	6.23339565089049	27.5804388467972	7.7191774082456	0	2.93220505756174	5.52494342221785	15.9155761094165	0.00491980714355997	0	0.0737971071533996	0.0196792285742399	21.2781658958969	7.79789432254256	0.280429007182918
mADT-9.tsv	3.95016951825278	0.228652527004652	6.64669242292833	14.4287629109832	6.00015769139793	4.94362532523851	0.0473074193802728	2.23133328076953	1.98691161397146	31.5777024363321	0.00788456989671213	0.283844516281637	1.32460774264764	0.433651344319167	16.3052905464007	8.52322005834582	1.08018607584956
mADT-39.tsv	8.97079798813903	0.322798588694542	4.95458298926507	22.5358456572329	4.10629832595151	4.79693716687936	0	5.54012461526912	4.48915246603108	11.0352075669995	0.0150138878462578	0	0.00750694392312889	1.94429847609038	23.939644170858	6.98145784850987	0.360333308310187
mADT-10.tsv	0.77457264957265	1.78952991452991	6.41025641025641	19.1573183760684	1.71607905982906	4.56063034188034	0.00667735042735043	11.0643696581197	2.55074786324786	9.76896367521367	0.0133547008547009	0	0.113514957264957	0.0200320512820513	33.3400106837607	7.47863247863248	1.23530982905983
mADT-28.tsv	1.29788570232363	0.0767566813202149	5.12176400809434	25.4622845579513	5.24736585025469	5.74279533877608	0	9.55271788430675	8.4292791849836	4.91940548461377	0.0139557602400391	0	0.0418672807201172	0.111646081920313	28.5116181703998	5.32412253157491	0.14653548252041
mADT-45.tsv	0.218422836484146	0.158168260902312	13.8585523838216	27.9731867138661	4.40611583942156	11.0491827973187	0	9.55035022972057	1.85282819914137	12.2844015967463	0.0150636438954583	0	0.00753182194772915	0.00753182194772915	13.0752429012578	5.2948708292536	0.248550124275062
mADT-16.tsv	6.45453050485118	0.337115605985858	5.24584772241408	17.3080085512251	0.970235158691005	16.7735569807597	0.0082223318533136	8.84722907416543	2.03913829962177	7.63032395987502	0.0164446637066272	0.041111659266568	0.123334977799704	0.41111659266568	20.4982733103108	11.2892616345996	2.00624897220852
mADT-11.tsv	0.829255029907559	0.0407830342577488	10.8075040783034	18.3387710712344	3.41218053289831	12.126155519304	0	18.6378466557912	2.55573681348559	7.7215878194671	0	0	0	0.0135943447525829	20.2963567156063	4.90755845568244	0.312669929309407
mADT-12.tsv	9.63256076879593	0.0791407574901074	4.48841153193895	18.1345392877332	5.2119841718485	14.1322781232335	0	19.4120972300735	1.7071791972866	6.76088185415489	0	0	0	0.542679479932165	16.0090446579989	3.34652345958168	0.542679479932165
mADT-31.tsv	1.5366507552475	15.8242333093572	2.7463545412934	22.0493036029556	1.27509317988622	5.05460014385667	0	11.6654678611129	7.10782711044269	3.2367749950958	0.150395605832734	0.0326946969201595	0.00653893938403191	7.09474923167462	14.6145295233113	7.12744392859478	0.477342575034329
mADT-38.tsv	1.74529588219253	14.3509680938097	2.91791655304063	21.618489228252	4.13144259612762	3.65421325334061	0	9.55822197982002	3.30651758931006	5.6653940550859	0.0136351240796291	0.299972729751841	0.0204526861194437	2.84292337060267	16.8666484865012	11.7534769566403	1.25443141532588
mADT-21.tsv	18.0573898427182	1.75891463561052	1.45875855444831	14.3774762876696	2.54532356825549	4.42430063633089	0	5.4328250690359	5.8410373394165	11.3819185976708	0.0240124864929763	0.0960499459719054	0	6.23124024492736	17.6251650858446	9.73106015127866	1.01452755432825
mADT-46.tsv	9.67962250093133	3.99230100583633	4.09164286601267	15.0689184154973	2.02409040109276	3.93021234322613	0.0124177325220415	5.04780827020986	11.8030547622004	8.71103936421209	0.0186265987830622	0.440829504532472	0.0496709300881659	5.66869489631193	13.3863156587607	14.1313796100832	1.94337513969949
mADT-22.tsv	1.17078136930517	0.0063629422244846	4.39043013489438	20.2532451005345	6.88470348689234	3.25146347671163	0	5.57393738864851	7.42555357597353	6.87834054466785	0.0127258844489692	0.203614151183507	0	11.3896665818274	18.1152965131077	13.7566810893357	0.687197760244337
mADT-17.tsv	1.5096304008329	1.59639076869686	2.05911273063798	11.3771762392273	2.44664237376366	8.32899531494014	0	15.8424431719591	5.06102145873098	8.2711550696975	0	0.00578402452426398	0.0404881716698479	5.92284111284632	24.495343860258	12.1464515009544	0.896523801260917
mADT-6.tsv	4.38034188034188	0.19482151835093	2.69607843137255	13.6500754147813	5.89492207139266	8.79839115133233	0	14.0585721468074	4.18552036199095	7.84942182001005	0.0754147812971342	0.0377073906485671	0.251382604323781	5.69381598793364	15.9627953745601	15.227501256913	1.04323780794369
mADT-32.tsv	5.79427083333333	1.20804398148148	4.86834490740741	4.26070601851852	5.88107638888889	16.4279513888889	0	20.1027199074074	4.52112268518519	10.1273148148148	0.0506365740740741	0	0.0940393518518518	0.0940393518518518	18.2291666666667	7.50868055555556	0.831886574074074
mADT-37.tsv	2.39862585117477	0.0490767437580517	2.95687381142261	3.41083369118459	9.30617753512055	18.0295687381142	0	11.183362983866	6.58855284951844	7.77866388565119	0.00613459296975646	0.00613459296975646	0	0.0245383718790258	27.6731488865714	9.974848168824	0.613459296975646
mADT-51.tsv	0.202402716113868	0	4.89031078610603	10.3747714808044	7.2799686602246	18.0856620527553	0	17.6351527814051	3.0164533820841	6.13737268216244	0.0130582397492818	0	0.0391747192478454	0.0065291198746409	25.0522329589971	7.14938626273178	0.117524157743536
mADT-47.tsv	0.439238653001464	0.032536196518627	17.5315872241202	13.6597798384036	12.9710970120926	4.93465647199176	0.00542269941977116	2.46732823599588	6.12222764492164	10.8725123366412	0	0.124722086654737	0	0.363320861124668	14.7660105200369	15.0154546933463	0.694105525730709
mADT-25.tsv	9.4731593817517	0.174505567558584	3.58151902941665	13.8607279375104	2.59265414658468	2.62589330231012	0	7.77796243975403	9.93019777297657	6.31543958783447	0.0332391557254446	0.0914076782449726	0	0.0664783114508891	17.2843609772312	24.9044374272893	1.28801728436098
mADT-26.tsv	8.06930260975823	0.0436414419132408	3.34729859474557	6.88225538971808	13.2015361787553	11.0325565156673	0.00436414419132408	11.5387972418609	7.56306188356463	4.94021122457886	0.00436414419132408	0.187658200226935	0.279305228244741	0.353495679497251	8.57990748014314	20.7820546390853	3.1901894038579
mADT-23.tsv	10.7506008504345	2.15381771122204	3.64207801811795	10.981697171381	2.40340173784433	6.38750231096321	0	29.3215012017009	4.80680347568867	7.56147162137179	0	0.00924385283786282	0.0184877056757256	1.00757995932705	11.7027176927343	8.91107413569976	0.342022555000924
mADT-13.tsv	13.6215474352376	0.368845428032253	9.2811803053697	8.0116658088866	1.99862755189569	2.18733916623778	0.00857780065191285	19.0770286498542	9.44415851775605	6.15886086807343	0	0.0257334019557386	0.00857780065191285	0.145822611082518	17.318579516212	12.0174987133299	0.325956424772688
mADT-36.tsv	15.7283531409168	0.156196943972835	4.02037351443124	2.15959252971138	0.624787775891341	8.12903225806452	0	22.1595925297114	4.49575551782682	5.64346349745331	0.156196943972835	0.176570458404075	0	0.488964346349745	20.4006791171477	14.5602716468591	1.10016977928693
mADT-50.tsv	13.260583414717	0.152859751178294	3.26100802513694	3.67712623667785	3.6091885694875	10.5515689355017	0	21.633900895928	6.22054265211668	5.72799456498663	0.0424610419939705	0	0.0169844167975882	0.777037068489661	20.2284404059276	10.2246189121481	0.615685108912573
mADT-24.tsv	2.93208903461757	0.17025033104231	4.04186897030078	12.6552746074784	1.64575320007567	7.35859764171764	0.0252222712655275	16.0855034995901	6.10378964625765	7.59820921874015	0.0378334068982912	0	0.0126111356327637	20.9786241251025	7.84412636357904	11.822939655716	0.687306891985623
mADT-52.tsv	7.35425011125946	4.18335558522474	1.64107699154428	7.83266577659101	5.09568313306631	8.0607476635514	0	19.6595460614152	4.30017801513129	6.47530040053405	0.0445037828215398	0.011125945705385	0.194704049844237	13.6459724076547	8.48353360035603	11.8991989319092	1.11815754339119
mADT-41.tsv	2.95289430513241	0.146472931802203	2.15022263885634	4.06022966955707	6.10499179751582	10.0890555425357	0.0175767518162644	13.6747129130537	9.56175298804781	10.9327396297164	0.0410124209046168	0.0410124209046168	0	12.2509960159363	13.2411530349191	12.1396765877666	2.59550035153504
mADT-5.tsv	4.54339708045717	0.599751046735317	3.98325223492135	2.35373995699898	5.04696163856512	10.2297159669571	0	8.71902229263325	9.18863867828449	8.83784089623175	0.0509222586850741	0.673305420391536	3.81351137263777	11.0501301346611	9.40364377051035	19.8936290596356	1.61253819169401
mADT-20.tsv	10.736286300968	0.117336462305661	2.29392783807568	9.21091229099443	1.53124083308888	1.39630390143737	0.0176004693458492	12.3085948958639	18.0170137870343	11.3229686124963	0.0176004693458492	0.187738339689058	0.00586682311528307	6.35963625696685	10.0616016427105	14.6670577882077	1.74831328835436
mADT-27.tsv	2.69063302445015	0.753600535893714	5.87250195377917	2.6348107625321	1.50720107178743	1.20017863123814	0.0446578095344423	12.6549067768226	11.6054482527632	7.05593390644189	0.0111644523836106	1.51836552417104	0.09489784526069	9.62934018086413	11.3877414312828	24.3608351010383	6.97778273975661
N-55.tsv	9.83068995516295	4.41678377835776	0.394833701398648	0.441678377835776	47.045439336144	2.11470253630462	0	14.9233754935421	2.73037542662116	9.91768721140333	0.033460483169377	0.127149836043632	0.0401525798032524	2.00762899016262	0.113765642775882	4.07548685003011	1.78678980124473
N-2.tsv	17.2523961661342	1.08626198083067	0.965566205182819	2.07312744053958	1.46254881079162	5.52360667376642	0	37.8558750443734	6.92225772097977	5.09762158324459	0.035498757543486	0.0851970181043663	0.0070997515086972	12.3109691160809	3.0315938942137	4.77103301384451	1.5193468228612
N-29.tsv	33.6257309941521	1.16959064327485	0.825211176088369	0.896686159844055	2.12475633528265	1.02664067576348	0.00649772579597141	40.8447043534763	4.07407407407407	8.49252761533463	0.0129954515919428	0.571799870045484	0.032488628979857	0.760233918128655	0.87719298245614	3.64522417153996	1.01364522417154
N-47.tsv	34.3717067824474	0.219196560300131	0.687096910171563	1.4458542342874	1.55966783290478	4.05092104708511	0.00421531846731021	41.676853686296	0.678666273236943	4.63685031404123	0.0252919108038612	0.779833916452388	0.00421531846731021	0.876786241200523	0.657589680900392	5.9899675420478	2.33528643088985
N-18.tsv	28.615791592386	22.2496980849963	0.644085341307723	0.195525907182702	2.77761803438956	1.62171487722123	0.0517568577836563	17.5398240266835	4.22105929035597	7.28621542354362	0.195525907182702	0.092012191615389	0.00575076197596181	1.04088791764909	0.25303352694232	4.47409281729829	8.735407441486
N-36.tsv	25.5606109847254	18.9361932618351	0.287076156429423	0.0379157187736973	1.73329000108331	0.980392156862745	0.016249593760156	14.9929585093706	5.6494420972809	8.21146138013216	0.476654750297909	1.07788971942368	0.048748781280468	0.265410031415881	0.0704149062940093	9.17560394323475	12.4796880077998
N-14.tsv	27.0412371134021	8.92268041237113	4.25773195876289	2.57731958762887	2.98453608247423	1.95360824742268	0.0257731958762887	15.159793814433	5.51546391752577	3.2319587628866	6.68041237113402	0.0360824742268041	0.0103092783505155	6.57731958762887	2.27319587628866	7.65979381443299	5.09278350515464
N-19.tsv	33.718689788054	11.3278741168915	0.842967244701349	1.84649967886962	1.93481053307643	1.88664097623635	0	19.7495183044316	3.40398201669878	5.10597302504817	0.0401412973667309	0	0.00802825947334618	10.0674373795761	1.84649967886962	3.37989723827874	4.84104046242775
N-48.tsv	30.092677837108	8.31645491929049	0.448045172773584	0.319155465537347	5.58522064690358	0.503283618731971	0	24.6056588719082	2.87853679494261	6.70840238139078	0.0429632357454121	0.0122752102129749	0.0122752102129749	13.0424108512858	0.208678573620573	4.37611244092555	2.84784876941018
N-30.tsv	17.9854798364956	10.5118662680739	0.957842718565066	2.35495088768226	10.4691599048258	1.14086998962845	0	22.256116161308	6.4852663046794	8.26063083399426	0.0549081813190165	6.51577084985663	0	0.0183027271063388	1.75706180220853	5.35049722408639	5.88127631017022
N-40.tsv	26.3703299700027	4.34505954004181	2.67248431960731	2.91791655304063	8.07199345514044	6.52667939278247	0.036360330879011	22.7706572129806	4.64503226979366	6.42668848286519	0.136351240796291	0.072720661758022	0.0454504135987637	4.2905190437233	2.94518680119989	4.74502317971094	2.9815471320789
N-50.tsv	23.217341699943	5.11979463776383	0.955504848830576	1.5687393040502	6.66001140901312	13.2915002852253	0.00713063320022818	21.4632059326868	4.06446092413006	7.2875071306332	0.727324586423274	0.620365088419852	0.135482030804335	0.0213918996006845	3.29435253850542	9.63348545350827	1.93240159726184
